[109, 98]	1
[109, 95]	1
[48, 100]	1
[121, 47]	1
[58, 29]	2
[121, 43]	1
[87, 99]	1
[58, 28]	1
[52, 87]	2
[59, 14]	1
[87, 95]	1
[87, 93]	1
[56, 41]	1
[53, 70]	1
[88, 81]	1
[90, 110]	1
[112, 107]	1
[109, 87]	1
[109, 86]	1
[112, 105]	1
[46, 118]	2
[109, 82]	1
[109, 81]	2
[46, 113]	1
[120, 49]	1
[121, 39]	2
[89, 69]	1
[55, 46]	2
[90, 105]	1
[53, 62]	2
[55, 41]	2
[52, 70]	1
[55, 40]	1
[109, 76]	2
[110, 115]	1
[107, 90]	1
[46, 105]	2
[54, 49]	1
[53, 59]	1
[120, 31]	1
[51, 72]	1
[55, 32]	1
[109, 62]	1
[43, 127]	1
[43, 126]	1
[43, 121]	1
[120, 29]	2
[120, 28]	1
[51, 66]	1
[87, 62]	2
[106, 87]	1
[109, 52]	1
[106, 82]	1
[109, 50]	1
[41, 130]	2
[84, 89]	1
[53, 37]	1
[83, 96]	1
[52, 43]	1
[52, 41]	1
[85, 70]	1
[106, 76]	1
[105, 85]	1
[109, 44]	1
[39, 99]	1
[41, 128]	1
[109, 41]	2
[43, 107]	1
[41, 127]	1
[39, 95]	1
[39, 93]	1
[53, 29]	1
[53, 28]	1
[87, 49]	1
[54, 17]	1
[52, 36]	1
[53, 25]	1
[53, 24]	1
[52, 32]	1
[109, 36]	2
[103, 93]	1
[108, 43]	1
[105, 72]	1
[106, 62]	1
[76, 128]	1
[109, 31]	1
[39, 87]	1
[105, 70]	1
[76, 127]	3
[41, 115]	2
[76, 126]	3
[40, 124]	1
[38, 93]	1
[40, 123]	1
[53, 2]	1
[39, 81]	1
[76, 122]	1
[52, 28]	2
[50, 46]	1
[4, 93]	1
[106, 59]	2
[85, 50]	1
[109, 28]	2
[107, 47]	1
[106, 55]	1
[37, 99]	1
[41, 109]	1
[41, 107]	1
[39, 76]	1
[41, 106]	1
[52, 3]	1
[41, 100]	1
[109, 4]	1
[84, 59]	1
[81, 88]	1
[87, 28]	2
[82, 76]	3
[3, 93]	1
[108, 29]	1
[107, 39]	1
[106, 49]	1
[106, 48]	2
[105, 55]	1
[106, 43]	1
[76, 109]	1
[105, 52]	1
[101, 91]	1
[76, 106]	2
[39, 62]	2
[36, 91]	1
[87, 1]	1
[3, 87]	1
[82, 69]	1
[6, 53]	1
[7, 41]	1
[2, 90]	1
[105, 47]	1
[100, 93]	1
[39, 59]	2
[106, 32]	1
[105, 41]	2
[74, 117]	1
[36, 84]	1
[35, 93]	1
[39, 52]	2
[75, 100]	1
[4, 66]	1
[29, 123]	1
[29, 121]	1
[81, 62]	1
[1, 90]	1
[7, 30]	1
[3, 70]	1
[105, 39]	1
[83, 41]	1
[106, 28]	1
[100, 87]	1
[103, 57]	1
[102, 66]	1
[105, 35]	1
[39, 49]	1
[35, 89]	1
[39, 48]	1
[102, 62]	1
[36, 76]	2
[39, 43]	1
[35, 82]	1
[85, 2]	1
[28, 128]	1
[28, 127]	1
[28, 126]	1
[82, 48]	1
[29, 116]	1
[3, 64]	1
[85, 15]	1
[82, 44]	1
[29, 112]	1
[28, 122]	1
[28, 121]	1
[83, 32]	1
[2, 70]	1
[82, 41]	1
[105, 28]	1
[100, 77]	1
[101, 62]	1
[35, 76]	1
[36, 62]	1
[72, 112]	1
[39, 30]	2
[3, 59]	1
[105, 3]	1
[3, 58]	1
[4, 47]	1
[82, 39]	2
[1, 76]	1
[81, 46]	1
[2, 62]	2
[4, 41]	1
[81, 43]	1
[28, 110]	1
[101, 58]	1
[39, 28]	1
[39, 25]	1
[39, 24]	1
[83, 2]	1
[32, 91]	1
[70, 120]	1
[128, 118]	1
[127, 126]	1
[4, 39]	1
[3, 49]	2
[127]	1
[3, 47]	1
[82, 29]	1
[82, 28]	1
[127, 120]	1
[3, 45]	1
[129, 100]	1
[123]	3
[2, 53]	1
[39, 3]	3
[28, 102]	1
[121]	1
[3, 41]	1
[81, 32]	1
[28, 100]	1
[102, 39]	1
[100, 58]	1
[102, 34]	1
[101, 44]	1
[35, 59]	1
[38, 29]	1
[102, 33]	1
[67, 98]	1
[69, 76]	2
[39, 11]	1
[82, 2]	1
[36, 41]	1
[1, 59]	1
[4, 29]	1
[81, 29]	1
[116]	1
[127, 112]	1
[81, 28]	1
[126, 120]	1
[112]	3
[110]	1
[102, 28]	1
[100, 47]	1
[102, 27]	1
[31, 89]	1
[34, 59]	1
[35, 49]	1
[70, 109]	1
[100, 41]	1
[35, 46]	1
[32, 76]	1
[66, 95]	1
[34, 53]	1
[31, 82]	2
[35, 41]	1
[32, 70]	1
[127, 109]	1
[109]	6
[3, 28]	1
[107]	1
[106]	2
[105]	2
[81, 17]	1
[127, 100]	1
[102]	1
[1, 41]	1
[100]	1
[35, 39]	1
[34, 47]	1
[34, 46]	1
[100, 30]	1
[31, 75]	1
[30, 84]	1
[35, 31]	2
[126, 109]	1
[124, 129]	1
[126, 107]	1
[3, 18]	1
[123, 130]	1
[36, 4]	1
[3, 10]	1
[59, 120]	1
[100, 29]	1
[100, 24]	1
[130, 84]	1
[35, 28]	1
[30, 76]	1
[31, 66]	1
[33, 44]	1
[31, 62]	1
[30, 70]	1
[125, 106]	1
[124, 116]	1
[100, 3]	1
[59, 117]	1
[58, 126]	1
[59, 111]	1
[32, 49]	2
[32, 46]	1
[34, 25]	1
[99, 95]	1
[32, 41]	1
[22, 118]	1
[59, 109]	1
[123, 112]	2
[59, 102]	1
[66, 59]	1
[31, 47]	1
[66, 58]	1
[32, 36]	1
[31, 41]	2
[63, 81]	1
[66, 50]	1
[64, 70]	1
[99, 81]	2
[123, 109]	2
[98, 90]	1
[121, 127]	1
[121, 126]	1
[123, 106]	2
[31, 39]	3
[62, 87]	1
[31, 35]	1
[63, 76]	1
[99, 76]	2
[30, 41]	1
[66, 40]	1
[120, 125]	1
[55, 128]	1
[17, 95]	1
[32, 4]	1
[18, 81]	1
[55, 120]	1
[130, 47]	1
[31, 29]	3
[32, 18]	1
[31, 28]	1
[61, 89]	1
[32, 17]	1
[130, 41]	1
[64, 57]	1
[62, 76]	2
[130, 40]	1
[31, 24]	2
[66, 31]	2
[98, 71]	1
[121, 109]	1
[62, 70]	2
[121, 107]	1
[55, 115]	1
[55, 113]	1
[55, 112]	1
[130, 35]	1
[130, 31]	1
[61, 76]	1
[99, 55]	1
[60, 83]	1
[98, 62]	1
[116, 93]	1
[119, 61]	1
[30, 5]	1
[89, 127]	1
[55, 100]	1
[53, 120]	1
[130, 29]	1
[130, 28]	1
[65, 28]	2
[99, 47]	1
[62, 52]	1
[64, 31]	1
[95, 82]	2
[118, 69]	1
[115, 90]	1
[65, 4]	1
[109, 126]	1
[109, 123]	1
[64, 28]	1
[109, 121]	1
[62, 46]	1
[95, 76]	1
[62, 45]	1
[99, 35]	1
[114, 99]	1
[99, 31]	3
[118, 57]	1
[117, 66]	1
[14, 87]	1
[87, 127]	1
[53, 106]	1
[49, 96]	1
[87, 126]	1
[49, 95]	1
[64, 3]	1
[53, 101]	1
[49, 90]	1
[108, 126]	1
[93, 82]	1
[62, 31]	3
[113, 99]	1
[61, 40]	1
[114, 85]	1
[87, 114]	1
[50, 122]	1
[95, 59]	1
[62, 28]	1
[95, 58]	1
[93, 76]	1
[60, 41]	1
[112, 99]	1
[18, 28]	1
[47, 99]	1
[13, 76]	1
[117, 41]	1
[117, 40]	1
[50, 114]	1
[49, 70]	1
[106, 126]	1
[62, 18]	1
[95, 48]	1
[95, 46]	1
[90, 95]	1
[95, 44]	1
[95, 41]	1
[95, 40]	1
[118, 28]	1
[10, 99]	1
[112, 84]	1
[46, 99]	1
[13, 66]	1
[48, 77]	2
[116, 40]	1
[113, 70]	1
[49, 65]	1
[46, 95]	1
[48, 72]	1
[106, 118]	1
[85, 110]	1
[106, 116]	1
[106, 113]	1
[95, 36]	1
[93, 53]	1
[95, 31]	1
[116, 36]	1
[112, 76]	3
[111, 85]	1
[112, 70]	1
[49, 53]	1
[60, 2]	1
[84, 113]	1
[39, 127]	2
[105, 110]	1
[39, 126]	1
[93, 46]	1
[90, 76]	1
[39, 121]	2
[116, 29]	1
[115, 37]	1
[115, 36]	1
[112, 62]	1
[14, 36]	1
[115, 30]	1
[44, 95]	1
[49, 44]	1
[82, 123]	1
[105, 109]	1
[46, 70]	1
[84, 101]	1
[93, 39]	1
[91, 57]	1
[90, 67]	1
[93, 35]	1
[95, 13]	1
[115, 28]	1
[113, 46]	1
[46, 69]	1
[112, 52]	1
[43, 98]	2
[13, 35]	1
[46, 66]	1
[49, 34]	1
[46, 62]	1
[47, 52]	1
[82, 113]	1
[3, 130]	1
[4, 120]	1
[49, 31]	2
[46, 61]	1
[82, 112]	1
[102, 128]	1
[39, 109]	1
[93, 28]	1
[39, 105]	1
[38, 115]	1
[90, 55]	1
[39, 100]	1
[112, 49]	1
[112, 47]	1
[113, 35]	1
[3, 128]	1
[49, 29]	2
[49, 28]	1
[3, 127]	1
[112, 41]	2
[43, 86]	1
[82, 106]	1
[81, 115]	1
[81, 114]	1
[78, 93]	1
[81, 112]	1
[44, 70]	1
[102, 110]	1
[90, 48]	1
[90, 46]	1
[35, 130]	1
[36, 120]	1
[90, 41]	2
[110, 58]	1
[12, 29]	1
[112, 32]	1
[81, 109]	1
[111, 41]	1
[11, 36]	1
[43, 76]	2
[81, 106]	1
[47, 35]	1
[41, 95]	3
[49, 12]	1
[47, 31]	1
[49, 11]	1
[43, 70]	1
[100, 121]	2
[90, 36]	1
[36, 112]	1
[90, 32]	1
[112, 29]	2
[40, 99]	1
[47, 28]	1
[41, 88]	1
[3, 106]	1
[2, 114]	1
[40, 95]	1
[76, 95]	3
[41, 82]	2
[46, 31]	2
[76, 90]	2
[112, 8]	1
[100, 117]	1
[35, 118]	1
[112, 1]	1
[36, 107]	1
[90, 28]	3
[36, 106]	1
[34, 124]	1
[35, 112]	1
[43, 59]	1
[43, 58]	1
[43, 57]	1
[41, 76]	2
[41, 72]	1
[43, 52]	1
[90, 2]	1
[41, 70]	2
[111, 5]	1
[33, 125]	1
[34, 112]	1
[46, 1]	1
[90, 13]	1
[32, 130]	1
[1, 106]	1
[43, 47]	2
[44, 36]	1
[41, 65]	1
[40, 72]	1
[41, 62]	1
[44, 32]	1
[43, 41]	2
[41, 61]	1
[41, 60]	1
[79, 40]	1
[34, 108]	1
[32, 128]	1
[34, 106]	1
[32, 120]	1
[67, 130]	1
[41, 59]	1
[43, 39]	2
[41, 58]	1
[41, 56]	1
[77, 56]	1
[41, 53]	1
[41, 52]	1
[43, 32]	2
[40, 61]	1
[76, 62]	1
[77, 50]	1
[32, 118]	1
[31, 128]	1
[69, 109]	1
[31, 127]	3
[31, 126]	1
[44, 3]	1
[32, 113]	1
[31, 123]	1
[32, 112]	1
[69, 102]	1
[43, 29]	1
[41, 49]	1
[76, 59]	1
[40, 55]	1
[44, 11]	1
[77, 41]	1
[41, 40]	2
[28, 99]	1
[32, 109]	1
[129, 93]	1
[28, 96]	1
[43, 1]	1
[41, 39]	2
[40, 47]	1
[41, 36]	1
[76, 47]	2
[75, 56]	1
[41, 35]	1
[77, 32]	1
[40, 41]	2
[41, 31]	1
[76, 41]	1
[130, 123]	1
[66, 119]	1
[28, 87]	1
[66, 118]	1
[65, 128]	1
[31, 106]	1
[29, 75]	1
[27, 93]	1
[29, 71]	1
[29, 70]	1
[41, 29]	2
[76, 39]	1
[41, 28]	2
[76, 36]	1
[41, 24]	1
[70, 95]	1
[76, 35]	1
[41, 23]	1
[70, 94]	1
[76, 31]	1
[76, 30]	1
[98]	1
[127, 94]	1
[127, 93]	1
[30, 107]	1
[95]	2
[130, 110]	1
[93]	1
[65, 114]	1
[90]	1
[28, 70]	2
[40, 28]	1
[76, 29]	1
[40, 24]	1
[127, 87]	2
[130, 105]	1
[89]	1
[29, 59]	1
[126, 93]	1
[130, 102]	1
[29, 56]	1
[28, 66]	1
[127, 81]	1
[40, 3]	1
[29, 52]	1
[76, 19]	1
[70, 76]	1
[73, 43]	1
[126, 87]	1
[28, 59]	2
[29, 48]	1
[28, 58]	1
[128, 62]	1
[76]	2
[126, 82]	1
[75, 7]	1
[126, 81]	1
[75]	1
[127, 70]	1
[29, 44]	1
[29, 43]	1
[28, 52]	2
[29, 41]	1
[99, 113]	1
[26, 70]	1
[62, 120]	2
[71, 52]	1
[23, 98]	1
[59, 99]	1
[28, 47]	2
[127, 62]	1
[128, 51]	1
[28, 43]	2
[62]	3
[99, 105]	2
[61]	1
[29, 32]	1
[28, 41]	1
[60]	1
[24, 81]	1
[28, 40]	2
[60, 130]	1
[61, 120]	2
[18, 118]	1
[70, 59]	1
[70, 54]	1
[70, 53]	2
[17, 120]	1
[127, 59]	2
[127, 58]	1
[59]	1
[123, 95]	1
[22, 99]	1
[28, 39]	1
[127, 52]	1
[126, 62]	1
[60, 126]	1
[28, 35]	1
[59, 86]	1
[123, 90]	1
[125, 70]	1
[53]	1
[62, 105]	1
[98, 105]	1
[96, 124]	1
[51]	1
[50]	1
[60, 122]	1
[17, 115]	1
[70, 47]	1
[70, 46]	1
[127, 49]	1
[49]	1
[125, 64]	1
[28, 29]	1
[127, 44]	1
[127, 43]	1
[123, 82]	1
[129, 22]	1
[44]	1
[28, 25]	1
[59, 76]	2
[24, 64]	1
[28, 24]	1
[27, 33]	1
[29, 12]	1
[41]	2
[28, 22]	1
[61, 102]	1
[58, 81]	1
[118, 109]	1
[117, 112]	1
[71, 28]	1
[28, 4]	1
[28, 3]	1
[70, 33]	1
[70, 32]	1
[70, 30]	1
[127, 39]	1
[126, 49]	2
[123, 76]	1
[56, 99]	1
[36]	2
[35]	3
[126, 41]	3
[34]	1
[33]	1
[32]	1
[24, 53]	1
[31]	3
[59, 62]	2
[95, 113]	1
[60, 100]	1
[128, 3]	1
[70, 29]	1
[14, 127]	1
[70, 22]	1
[121, 89]	1
[29]	4
[127, 25]	1
[123, 65]	1
[28]	3
[55, 99]	1
[24, 47]	1
[126, 31]	1
[95, 107]	2
[23]	1
[59, 53]	1
[58, 62]	1
[55, 90]	1
[14, 118]	1
[5]	1
[70, 18]	1
[49, 127]	1
[4]	1
[49, 125]	1
[70, 11]	1
[126, 29]	2
[124, 48]	1
[124, 47]	1
[24, 39]	1
[127, 14]	1
[59, 48]	1
[14]	1
[22, 55]	1
[93, 115]	1
[59, 43]	1
[58, 53]	1
[24, 31]	1
[23, 41]	2
[59, 41]	1
[93, 112]	1
[113, 127]	1
[115, 105]	1
[49, 118]	1
[120, 76]	1
[122, 56]	1
[24, 29]	1
[24, 28]	1
[59, 39]	1
[126, 13]	1
[123, 41]	1
[58, 47]	1
[126, 11]	1
[58, 41]	1
[93, 100]	2
[114, 107]	1
[49, 109]	1
[11, 128]	1
[11, 121]	1
[49, 100]	1
[123, 35]	1
[123, 33]	1
[121, 53]	1
[59, 28]	2
[122, 41]	1
[123, 30]	1
[120, 60]	1
[52, 93]	1
[53, 82]	1
